2425084
2425075
2425070
2425066
2425061
2425081
2425077
2425072
2425063
2425082
2425078
2425073
2425068
2425064
2425059
2425083
2425079
2425074
2425069
2425065
2425060
2425085
2425080
2425076
2425071
2425067
2425062
2433044
2433042
2433041
2433029
2433027
2433025
2433023
2433016
2433010
2432964
2432962
2432960
2433049
2433048
2433046
2433045
2433005
2434286
2434299
2434298
2434297
2434295
2434293
2434296
2434294
2434290
2434289
2434278
2434256
2434255
2434248
2434240
2434268
2434304
2434303
2434302
2434301
2434300
2434596
2434595
2434594
2434593
2434675
2434670
2434669
2434666
2434663
2434658
2434653
2434652
2434651
2434637
2434635
2434534
2434521
2434511
2434501
2434498
2434654
2434650
2434649
2434648
2434546
2434687
2434686
2434685
2434684
2434681
2434661
2434623
2434613
2434600
2434582
2434644
2434643
2434642
2434641
2434640
2434639
2434638
2434636
2434634
2434632
2434630
2434629
2434628
2434627
2434626
2434625
2434624
2434622
2434621
2434620
2434619
2434660
2434659
2434657
2434656
2434683
2434682
2434680
2434679
2434678
2434677
2434676
2434674
2434673
2434672
2434671
2434668
2434667
2434665
2434664
2434662
2434655
2434597
2433047
2437213
2433036
2433035
2433034
2433033
2433030
2433028
2433022
2433021
2433020
2433014
2433013
2433009
2433008
2433006
2433004
2433001
2433000
2432999
2432989
2432985
2432984
2432974
2432968
2432967
2432966
2432965
2432961
2433043
2433040
2433038
2433037
2433032
2433031
2433019
2433011
2432994
2432992
2432990
2432988
2432983
2432982
2432981
2432980
2432970
2432963
2433039
2433026
2433024
2433018
2433015
2433012
2432998
2432995
2432986
2432977
2432973
2434291
2434288
2434284
2434283
2434282
2434281
2434280
2434279
2434277
2434276
2434275
2434274
2434273
2434272
2434271
2434270
2434269
2434267
2434266
2434265
2434264
2434263
2434262
2434261
2434260
2434259
2434258
2434257
2434254
2434253
2434252
2434251
2434250
2434249
2434247
2434246
2434245
2434244
2434243
2434242
2434239
2434238
2434237
2434236
2434235
2434234
2434233
2434592
2434591
2434590
2434589
2434588
2434587
2434584
2434583
2434581
2434579
2434578
2434577
2434576
2434575
2434574
2434573
2434571
2434569
2434568
2434506
2434505
2434503
2434502
2434500
2434499
2434497
2434496
2434494
2434493
2434491
2434489
2434488
2434487
2434486
2434484
2434482
2434481
2434480
2434479
2434478
2434477
2434476
2434475
2434474
2434473
2434472
2434471
2434470
2434469
2434633
2434631
2434612
2434605
2434603
2434598
2434586
2434585
2434580
2434572
2434567
2434560
2434556
2434551
2434547
2434527
2434524
2434523
2434522
2434518
2434507
2434504
2434495
2434492
2434490
2434485
2434483
2434647
2434646
2434566
2434565
2434563
2434562
2434561
2434559
2434558
2434557
2434555
2434554
2434553
2434552
2434550
2434549
2434548
2434545
2434544
2434543
2434542
2434541
2434540
2434539
2434538
2434537
2434536
2434535
2434533
2434532
2434531
2434530
2434529
2434528
2434526
2434525
2434520
2434519
2434517
2434516
2434515
2434513
2434512
2434510
2434509
2434508
2434618
2434617
2434616
2434615
2434614
2434611
2434610
2434609
2434608
2434607
2434606
2434604
2434602
2434601
2434599