19209956
19215759
19219734
19232395
19240117
19243452
19244294
19247929
19254568
19254737
19258322
19263168
19264758
19259484
19270060
19270503
19273140
19262826
19262785
19261981
19282671
19277132
19279808
19279831
19279910
19279963
19283126
19283215
19286470
19288929
19291670
19326248
19306143
19308314
19330022
19327362
19334000
19333996
19341142
19347355
19346077
19350395
19349582
19348876
19301658
19357977
19360119
19367558
19386856
19384852
19384727
19389070
19396870
19393088
19383897
19383517
19383150
19382852
19382199
19404612
19379507
19424866
19419107
19430925
19428663
19428480
19428459
19426753
19444386
19443685
19378028
19453502
19373560
19364925
19466599
19468213
19468042
19358691
19472323
19471982
19471090
19475387
19473031
19478076
19476002
19481096
19504755
19502774
19515956
19525111
19523265
19524016
19533231
19381528
19548045
19557134
19540310
19562744
19565675
19566345
19573640
19572771
19540341
19579060
19578288
19581926
19581442
19580745
19591294
19604498
19609360
19608648
19615410
19619530
19622081
19627570
19626357
19626339
19631652
19638475
19640467
19378201
19660933
19660140
19660140
19660933
19651860
19651447
19671664
19675213
19649737
19665065
19665547
19685272
19686588
19691325
19697161
19696012
19695103
19701188
19699746
19244577
19705202
19703647
19703400
19707301
19713325
19712539
19709238
19731135
19727199
19726564
19725999
19725934
19751847
19748687
19756746
19754750
19747824
19765989
19765345
19771529
19783923
19781660
19781084
19771225
19774400
19791606
19737411
19801438
19796072
19795660
19818619
19795437
19823676
19536303
19834715
19837076
19835630
19843153
19855191
19857558
19889881
19892892
19897452
19902126
19896456
19908242
19887546
19887499
19927123
19925872
19921914
19921789
19706872
19263001
19939843
19944668
19933995
19264893
19956946
19956688
19958813
19945419
19943141
19943135
19932716
19776625
19718893
19417070
20020806
20013465
20025821
20040135
20050804
20030082
20029184
20023402
20022232
20055996
20058230
20008357
20064383
20071332
20005808
20003237
20079368
20003349
20075015
20071654
19750215
20090788
20096722
20102393
20111800
20111874
20110385
20120240
20123993
20124691
20130026
20136075
20140492
20109453
20145822
20109238
20147382
20053136
20065715
20078428
20152126
20156206
20157792
20159740
20160485
20165899
20166392
20164174
20171104
20172700
20170652
20187149
20197417
20197502
20199897
20179095
20183132
20183279
20178780
20215472
20225045
20234087
20209803
20209813
20215348
20219263
20305636
20229348
20307676
20335942
20360935
20367111
20368969
20350940
20361936
20362099
20346373
20335462
20335278
20302524
20377680
20377685
20387152
20390562
20397227
20083610
20398217
19895896
19940895
20404467
20404087
20402583
20403863
19943089
19425157
19652095
19748415
20411584
20414198
20437082
20437190
20439316
20444495
20430751
20429421
20423332
20422200
20455075
20454756
20422037
20455928
20419537
20419129
20462416
20467751
20465857
20413794
20410297
20409825
20409812
20483721
20130453
20488233
20122139
20505367
20505164
20507531
20507447
20497379
20140522
20122386
20042103
19999541
19355928
20512147
20532624
20535771
20534810
20534601
20552531
20551173
20571164
20570964
20549726
20573995
20545766
20569333
20601177
20600228
20599433
20594967
20594964
20592039
20592219
20577216
20532562
20531256
20353949
20299600
19247789
19498986
19563678
19720858
20198746
20621960
20615220
20157593
20649132
20590845
20657733
20656862
20656218
20658971
20655721
20654721
20670659
20668569
20666481
20673176
20687332
20686088
20693289
20691058
20679389
20668195
20666320
20699100
20707865
20736167
20798594
20738268
20735596
20707395
20801936
20801638
20801564
20807639
20807642
20809137
20810649
20810768
20811940
20805320
20670895
20824311
20505758
20839118
20833533
20844536
20848588
20849610
20841610
20865046
20864812
20861633
20870041
20869805
20812761
20737786
20580356
20877001
20873553
20881165
20923419
20920508
20883549
20890115
20957352
20957038
20951155
20960496
20961741
20943395
20941907
20947512
20939895
20935067
20927714
20705007
21020539
21030313
21041385
21045478
21045151
21050869
21047134
21056452
21067619
20705006
20705002
21072667
20704856
20506496
21081130
21074580
20620224
21083421
20335277
21106439
21127858
21136382
21136514
21122121
21120375
21120631
21120920
21115527
21112871
21138572
21155589
21148981
21162002
21154727
21169635
21156478
21151553
21118996
21084701
21043043
20719261
20705919
21182520
21187424
21207057
21203515
21198734
21193602
21192877
21222073
21219334
21201424
21223349
21227923
21195170
21177489
21214483
21244135
21177345
21251237
21283809
21283659
21287355
21287137
21284539
21289083
21282620
21281449
21277957
21295483
21272169
21270009
21307074
21314694
21350339
21325510
21356109
21356089
21354706
21343461
21329213
21369728
21390913
21389624
21390210
21397064
21388494
21328528
21403628
21416623
21431691
21437396
21431082
21432010
21447998
21443682
21456026
21460620
21461846
21452223
21471154
21392993
21445538
21482731
21486286
21486278
21490487
21493627
21499784
21497867
21505414
21511027
21518241
21506777
21504833
21524670
20856881
21540575
21539135
21532833
21529141
21527283
20393761
21543071
21318526
21558189
21558247
21558309
21560237
21561780
21567220
21566792
21565062
21573208
21587304
21594879
21596145
21594027
21585780
21605288
21610038
21613324
21571059
21626307
21624359
21618256
21616652
21609420
21602264
21601794
21600719
21641975
21636650
21630565
21627035
21656073
21655216
21669008
21667215
21674681
21673800
21679422
21676745
21673073
21695182
21690291
21693510
21707255
21688058
21708569
21708437
21731548
21729384
21740899
21742550
21765237
21762714
21767431
21767355
21757703
21752429
21749289
21739985
21689189
21701749
21685383
21672096
21665754
21653451
21651764
21646174
21576351
21575196
21563971
21779656
21491614
21785421
21782435
21558246
21546411
21444687
21420985
21426346
21790064
21677736
21397187
21390119
21356951
21357127
21330635
21803289
21800163
21799745
21799406
21795702
21795260
21204492
21814846
20410377
20574417
21818562
20633242
20730382
21820054
21815640
20807303
21826271
20876685
21050345
21084643
21421544
21533212
21837971
21831529
21189690
21125482
21198124
21858525
21859857
21860381
21861494
21863139
21866435
21864529
21535478
21873461
21872557
21876806
21877282
21865862
21882413
21890114
21912928
21911452
21909137
21905432
21918821
21917931
21934712
21935352
21936256
21939553
21966495
21968966
21977016
21975218
21985965
21990309
22003084
22006070
22004418
21945076
22007859
21999602
21993959
21976618
21616147
22013909
21737682
21655218
21880147
22016654
21745642
22028811
22028030
22027831
22023386
22037762
22044601
22047816
22045296
22064465
22079349
22084399
22073989
22064215
22094421
22094420
22115295
22103345
22119527
22135466
22140340
22142192
22143025
22130245
22120663
22123864
22107871
22170062
22098775
22174421
22187289
22205785
22205279
22205888
22178432
22217557
22217302
22226990
22227339
22228659
22229544
22232905
22233885
22236084
22228960
22243411
22245937
22110027
22110029
22112803
22119141
22150108
22186608
22187936
22224863
22251568
22251638
22249943
21921041
21950199
21861301
21841805
21653694
22266102
22264716
22266840
22243220
22284680
22289475
22308443
22306819
22313627
22312129
22311775
22319866
22311044
22309969
22309736
22309492
22312588
21842361
22349698
22355742
22355283
22347485
22358128
22357625
22369936
22387572
22392006
22392340
22386960
22386851
22380433
22366516
22366133
22366214
22362137
22361416
22407321
22406454
22419240
22343891
22351287
22421089
22395966
22369360
22426516
22430883
22356305
22438494
22447918
22447390
22446813
22454670
22448777
22449024
22465812
22469469
22487754
22493453
22491763
22496806
22490558
22506072
22509261
22507549
22517119
22511881
22527689
22527621
22532369
22525585
22539898
22539886
22541322
22524392
22510561
22558326
22555927
22552915
22552445
22548557
22560352
22529821
22576815
22576373
22579843
22573928
22572532
22583005
22495656
22590567
22590505
22590002
22593074
22606267
22361470
22352436
22615819
22638579
21187036
22646905
22659512
22644152
22678569
22673834
22690124
22669408
22698284
22692206
22697365
22707085
22691408
22614832
22684505
22718903
22661773
22727701
22726306
22735190
22740637
22737161
22723842
22761677
22758915
22747887
22671859
22649666
22618871
22772601
22771862
22768128
22762974
22763441
22783129
22782630
22579281
22095085
22792078
22279535
22269169
22797300
22798074
21533251
22807677
22811607
22815809
22814762
22814608
22820385
22833271
22833062
22825674
22837844
22837552
22824455
22844398
22839428
22846460
22868890
22871607
22899525
22897442
22903233
22895009
22912761
22912726
22915832
22890305
22927639
22926342
22933714
22876686
22940442
22939867
22940430
22946392
21730980
22943040
22964044
22884211
22972932
22977069
22970314
22983742
22988821
22972301
23000556
23010507
23012415
23015757
22969987
23019135
21931740
23016960
23021311
21136153
23021896
23036474
23028964
23028909
23058848
23052566
23055040
23074262
23072539
23077661
23078243
23026907
23087371
23082538
23097306
23097495
22686479
22783372
23103373
23116210
23112184
23110072
23109552
23103530
23124854
23124036
23121860
23027053
23132756
23133513
23007516
23137612
23144624
23147837
23153341
23150765
23153056
23159937
23165178
23179061
23187801
23189029
23176146
23187800
23196121
23195870
23194759
23195560
23194707
23190272
23205839
23208203
22864612
23236287
23239879
23220939
23225858
23226392
23227179
23232437
23240755
23241961
23245173
23157557
23161075
23271388
23257297
23128209
23159640
23051728
23007511
23279437
23277289
23291767
23291887
23296917
23298612
23315803
23314396
23313880
23313772
23312278
23308109
23339173
23344711
23372768
23351563
23353072
23347749
23391590
23395172
23346095
23402598
23405063
23325805
23327737
23303397
23301081
23322404
23300376
23299975
23299916
23299369
23045639
23025282
22981383
22918233
21252150
21277195
21339708
21504868
21548900
21558241
22493680
23423909
23432089
23434864
23435267
23442770
23458016
23459931
23455027
23464753
23468134
23448692
23449568
23445365
23437888
23441072
23169667
23250203
23475907
23479602
23486915
23505389
23506891
23508663
23523246
23525682
23515836
23521674
23533717
23536567
23538844
23538884
23500334
23517713
23545205
23559073
23559425
23555034
23563544
23572543
23573229
23567817
23567855
23581441
23582975
23585355
23480392
23496320
23587092
23504827
23589940
23597061
23559240
23594997
23320129
23333352
23499584
23605899
23608454
23481206
23612916
23516484
23625863
23631161
23630154
23639551
23640414
23640735
23640845
23642387
23644581
23647664
23675437
23681972
23689605
23694709
23696969
23716011
23720746
23720823
23704982
23718855
23732634
23728356
23742182
23751344
23763982
23772450
23785498
23783428
23792917
23794831
23794880
23795811
23795853
23819925
23825447
23825634
23828188
23817674
23815147
23814184
23810935
23810713
23809333
23803974
23794635
23771718
23761700
23843691
23752358
23750166
23749635
23748901
23748350
23850471
23740249
23726919
23680784
23637871
23572569
23525801
23358824
23352130
23271647
23861745
23867089
23868319
23872252
23872898
23874782
23877183
23878233
23881242
23881750
23906470
23904612
23904180
23897027
23896311
23888854
23575365
23915643
19270901
19270958
23926285
19279956
19283176
20514219
23928844
23928301
23928409
23937246
20373258
23731014
23949857
23951312
23954191
23956408
23979877
23971733
23973987
23977313
23986720
23986717
23998011
23995485
24002177
24005329
24022990
24027345
24012108
24012893
24006808
23965338
23975767
23055913
23469195
23520476
24034902
24038685
24039493
24040182
24033756
24042060
24043807
24063095
24065160
24069387
24071062
24061169
24061560
24076122
24085620
24101833
24115106
24116125
24125650
24126054
24128295
24130451
24130821
24119093
24096352
24094268
24134149
24080157
24081323
24143038
24145660
24140691
24148287
24148469
24148760
24050126
24165584
24168329
24170044
24173565
24173579
24037406
22561922
22982505
24186790
24190252
24197381
24198375
24194598
24196440
24170808
24201517
24202094
23616075
24212902
23016940
24218935
22710157
21732422
22621698
24228562
24234020
23692447
23565737
23129772
24240866
24241197
24256496
24258774
24259259
24259430
24260411
24260684
24264063
24265732
22206437
24270022
24271974
24284400
24291799
24293901
24301373
24307710
24306727
24316440
24321603
24321692
24313453
23360682
24354178
24355749
24362711
24347624
24367309
24367292
24371190
24360962
24335285
24376187
24375943
24383453
24391287
24390365
24393467
24407482
24327777
24229347
24244000
24086460
24354275
24019521
24419659
24425564
24430874
24424773
24434844
24443176
24450053
24447386
24447443
24463491
24465681
24466078
24471073
24474678
24486162
24486555
22378766
22522704
24496014
23401175
24494562
23703208
23668349
24511608
24516585
24513300
24523403
24533276
24531730
24549376
24549419
24551124
24556212
24515291
24560727
24569135
24570051
24574635
24575224
24587100
24590203
24586002
24583184
24582278
24594709
24581086
24363306
24603971
24604292
24597976
24601989
24256072
23879537
23801082
23600815
23506877
23506875
23421675
24623527
24616555
24637831
24638503
24640988
24641091
24634568
24632187
24631262
24631533
24627993
24652565
24607641
24657945
24662290
24665344
24661460
24660044
24667325
24679970
24695055
24695228
24695788
24696561
24694220
24698785
24699224
24688513
24705206
24705917
24688728
24711111
24709747
24705267
24713520
24715251
24705213
24723149
24727215
24729392
24724300
24732801
24739102
24752238
24747075
24211484
24210919
24755238
21880250
24758327
24779594
24785311
24786451
24790009
24792152
24792389
24802510
24706772
24047101
24123937
24806926
24810173
24800394
24806692
24828016
24830553
24827878
24841967
24836606
24865416
24871607
24872069
24879518
24886210
24879149
24888760
24869835
24870152
24871017
24898183
24911667
24847714
24894559
24918056
24920357
24853288
24930594
24931694
24937759
24928685
24848930
24813231
24846572
24847072
24124569
24497834
24838245
24835456
24956559
24955109
24954979
24967847
24974017
24978197
24974451
24993507
24998943
24993507
25002814
25000690
24989034
25005942
25025602
25049337
25053431
25053432
25063526
25049605
25080274
25091549
25091805
25097909
25070777
25070709
25102471
25100606
25105523
25106098
25109429
25110612
25110693
25106655
25112267
25136969
25140802
25139407
25157910
25136149
25146373
25164406
25113824
25115770
25118935
25168010
25203404
25187095
25183144
25183462
25209440
25209992
25210006
25211069
25211076
25218659
25213242
25184435
25170829
25136116
25132405
25224198
25225394
25220460
25227224
25228141
25112880
25231987
25036535
24816444
24839944
24843137
24898532
25064271
24656231
25237770
25245033
25245771
24204897
25250768
24450762
25255455
25254104
25264844
25264260
25271717
25281658
25282127
25285383
25284664
25274109
25278184
25278554
25296379
25310838
25323213
25325973
25320446
25318690
25319661
25339624
25339961
25341678
25343941
25344073
25347832
25348397
25110026
24586621
24090217
25379396
25395664
25408399
25410139
25398944
25392422
25412930
25414360
25415049
25415324
24925680
25432667
25431472
25426031
25461480
25463516
25472038
25483798
25449646
25457919
25469537
25484084
25486472
25447163
25502889
25510697
25513816
25500709
25544464
25529307
25531412
25540127
25541313
25554942
25527636
25560461
25561287
25566070
25576377
25576420
25578910
25580713
25573064
25574806
25575511
25582544
25586499
25587084
25588307
25588719
25588837
25595051
25600412
25618336
25610425
25628862
25632469
25632683
25633317
25637223
25628609
25650974
25652096
25665503
25667339
25668617
25661230
25677106
25677378
25690965
25690971
24586450
25698293
25698874
25700414
25719200
25738637
25738771
25764964
25767751
25778930
25779863
25781108
25781767
25810251
25828846
25832301
25848968
25691459
25856874
25857788
25882740
25883935
25880779
25895830
25893982
25894519
25901960
25875951
25875095
25910624
25903279
25928341
25928155
25927578
25933825
25806959
25780571
25759513
25746231
25939713
25935452
25931676
25943559
25947784
25948789
21629718
22039062
25954133
25954961
25955646
25956885
25957562
24835838
25961203
22289864
22303128
22432451
22445466
22539610
22665702
22744225
25972848
25969450
25977294
22106263
25992548
22786907
22901698
26001191
26001796
25996869
26000824
26006281
22798277
22841565
26017229
26025449
26021439
26022848
25779980
26039184
26038846
26048589
26044265
26042329
26056867
26057828
26062014
26083535
26062516
26068236
26130239
26118630
26133676
26142353
26142927
26113138
26107500
26103517
26160679
26153121
26097955
26100665
26085636
25691734
25726444
26169128
26171716
26171857
26158421
25702125
25408720
25368180
22057161
22117901
22130604
22546904
24012777
24048769
24052576
26090585
25569341
25572396
25640427
25415507
25477435
25484190
25097237
26188322
26176141
26195554
26205057
26210484
26210408
26222693
26232433
26237376
26241103
26241137
26229057
26276273
26268968
26261878
26266297
26266299
26249881
26249968
26249999
26250305
26257748
26253156
26283576
26298034
26292651
26303276
26305118
26290067
25238416
26315097
26323902
26287106
25354166
24939993
25182493
26344425
25052226
26365180
26367327
26375991
26385445
26388157
26383889
26382959
26380639
26380927
26403677
26407157
26407939
26380578
26426866
26432906
26435947
26442679
26438298
26464036
26464523
26472170
26490079
26499892
26504252
26524718
26526425
26526834
26543739
26553608
23625958
26584588
26581576
26601193
26604261
26598046
26598807
26420766
26421490
26592243
26623620
26624365
26624629
26624773
26374519
26645148
25306101
26335267
26658251
26685171
26668366
26674768
26687532
26666926
26692333
26701509
26701508
26719753
25232931
26718410
26732856
26778089
26771608
26759793
26763217
26764097
26762401
26787908
26743218
26758761
26814574
26817746
26818498
26820060
26821170
26839686
26843075
26845140
26852422
26831359
26865025
26430240
26453946
26810790
26830230
26342637
26864150
26873314
26904680
26921367
26907475
26898828
26899781
26940124
26949573
26974436
26955201
26977432
26981688
26995612
27008314
27007116
27016014
27009811
27009223
27020303
27041055
27034044
27026250
27046251
27055533
27052435
27041341
27021722
27064903
27064611
27031148
27022630
27020031
27037754
27014328
27012867
26990377
26988455
27077736
27077079
27079236
27097230
26874334
25910895
24794156
24746838
24117953
23640031
23164531
27111010
27110827
27112956
27130644
27145530
27153179
27157474
27154400
27132943
27169748
27085003
27083764
27068414
27026526
26944226
26885443
26814420
27261251
27256687
27247253
27236224
27226754
27226486
27225769
27199609
27193622
27190043
27186876
27181752
26887193
27285201
27294972
27292160
27323097
27272053
27271639
27264103
27217443
27324906
27324567
27241222
27330557
27328842
26426396
27335806
27341293
27350679
27349728
27349188
27349109
27395897
27395642
27395632
27395517
27395515
27395504
27394783
27394502
27394228
27399143
27389513
27402571
27406591
27358617
27436139
27430312
27430166
26694368
27463557
27462437
27460747
27452396
27489490
27500471
27499416
27474672
27474225
27469241
27468987
27502419
27502369
27508331
27530149
27522364
27536283
27515512
27514927
27543424
27541932
27504470
27551500
27551210
27551098
27350246
26705657
26654257
26598607
27571191
26436400
27580268
27591306
27588602
27603010
27626494
27638619
27639690
27635303
27615832
27616029
26985028
26769898
26501090
26431574
26245558
27671871
27667955
27701356
27701338
27730788
27726198
27712973
27712654
27706063
27704811
27701311
27698382
27751954
27747427
27758712
27678198
27771882
27677407
27468638
26908010
26794527
26762415
27802163
27798849
27797949
27819729
27818933
27811825
27811822
27811777
27826114
27846365
27829368
27824314
27875578
27869542
27905879
27900550
27918992
27976467
27988772
27988088
27964211
27960295
28035341
28048959
28042090
28040340
28030426
28012733
28052101
28050953
27938420
28018166
28005520
28004836
27866888
28064425
28060904
28060668
28058767
27052414
28066251
28065655
28077699
28085887
28123090
28128324
28144697
28126552
28165385
28165006
28182660
28179426
28146353
28143744
28132508
28189906
28187593
28167296
28192369
28117398
28095782
28195220
28194564
28194307
28141820
28206823
28206822
28206821
28202721
28187376
28130490
28217836
28216250
28223917
28223526
28228672
28148935
28097061
27789692
27838629
26980513
28235089
26974063
26934338
26916519
28242222
28238050
28255714
28249773
26116837
26092903
26092899
26092527
28277980
25666164
28280560
28287558
28289233
28289080
28300700
28303181
28315685
28313856
28312268
28310608
28310578
28310523
28309414
28309274
28309076
28308936
28308442
28308046
24982888
28334209
28333090
24150604
28348783
27882321
27238012
28358328
26637972
26250665
28357337
28373049
25793944
25730091
25495265
28380332
25486558
25483038
28382720
25051358
28383722
23887655
23872321
28393852
23258117
22753628
28376328
28407790
28413719
28430184
28437172
28444801
26738772
28449399
28455676
28249563
28079890
28030949
27573698
28452012
28445500
28444138
28500339
28495872
28483863
28324486
28520757
28533810
28533033
28544360
28557019
28567028
28565546
28565289
28565162
28563582
28563579
28570195
28576722
28574792
28512373
28499390
28493927
28434412
28238686
28144959
27927110
28587643
28587487
28594324
28596027
28610269
28610182
28610128
28609942
26040259
25010732
24967398
24945987
28622389
24739741
24739740
28644536
28639938
28650234
28649325
28648696
28658211
28655760
28651989
25433733
28672060
28646875
28683451
28679292
28689715
28639188
28621408
28710397
28705508
24748527
28732804
28580003
28741041
26177684
28754074
28756875
28768150
28781342
28770061
28769653
28786736
28802879
28811877
28808619
28808060
28790992
25344801
24922482
28828256
28827349
28833383
28833214
28842417
28839009
28824341
28869862
28869352
28867234
25584377
28898085
28903235
28891792
28884664
28894108
28887046
28234962
27939943
28920503
25104350
24773378
24589969
28923009
28939506
28944912
28942189
28928743
27451412
26797339
28983410
28983317
28982970
24243807
24040508
29027003
28987323
29035525
25903379
29042596
29051502
29046707
29061710
29058002
29073232
29048752
29043382
29041955
29038550
29101233
29099309
29097648
29091121
29107862
24825191
29114356
29108709
29115109
29126027
29096295
29136660
29144738
29148393
29141910
29155264
29178882
29174702
29182385
29188800
29191794
29192322
29200921
29199126
25102930
29218439
29217120
29231019
29234422
29234399
28968469
28957328
29233614
29239804
29239611
29238532
29245582
29245543
29243067
29275992
29274400
29269034
29264947
29183588
29258287
28796220
29295819
29269412
29259280
29253841
29185074
29126738
28783953
28334865
27479747
25858314
25050789
29307803
29314553
29320528
29316644
29329292
29315001
29334634
29356424
29355573
29361716
29367674
29366967
29371802
29371799
29360535
29382574
29391447
29388221
29386239
29395923
29407808
29406028
25948639
24802525
29420797
29427653
29438434
29435938
29435927
29432542
29373067
29356489
24236889
23848832
23815642
28171701
29476793
29472798
29487145
29480404
27816769
29504896
29491899
29510002
29506703
24284420
29520690
22239951
29519938
29514960
29536573
29543869
29475948
29551753
29541386
29573324
29573235
29568703
29563188
27458971
26944332
29603220
29602250
29593503
29615793
29615558
29607028
27225920
29622666
29618770
24384820
29607782
22873677
22028466
29635790
29635036
29631671
29591089
29650680
29642408
29656164
29644029
29666930
29345828
29690487
29690137
29689883
28537485
28479061
28468979
25119985
25048083
29559134
29707847
29710560
29706366
29720445
29719959
29725425
29737456
29732086
29735061
29748283
29760202
29775454
29774086
29773848
29770276
29770147
29769432
29776378
29755959
29786878
29787227
26671138
26500094
29796002
24652302
28916264
28893179
29863897
29865728
29865555
29861421
27119124
29868674
29878878
29876058
29886925
29804119
28887352
28861960
29908237
29902488
29900073
29898669
26742129
29916446
29914223
23486887
29931242
29931123
29921105
29326726
28974016
28953426
29944464
27940089
29949498
29946643
29963209
29931788
29912392
29911180
29899924
29888881
29971945
29966406
29995609
29969843
30004608
29998036
29997360
30008327
30008086
30019983
30030076
21791554
30026467
30018946
29995856
28754563
26162760
24920363
30054785
30053607
30048730
30060641
30058847
30096708
30094580
30086605
30086312
30085900
30084890
30083938
30071246
30108505
28684474
28639376
28049700
30121534
30119033
23799570
30132832
30139190
30079574
30153715
30176246
30173417
27347682
30184188
25560922
25492609
25253131
30189715
29488325
30214411
30218766
30218101
29239380
30225186
30261343
30260959
30273705
30270249
30262742
30308280
30321477
30314154
30314143
30313865
30306513
30304873
30352216
30348649
30360912
30355339
30372162
30386582
30385674
30385668
30367478
30382906
30361167
30399494
30352982
30205376
30150203
29621968
30410560
30417235
30426373
30445496
30458170
30464178
30462883
30451217
30446615
30445619
30471431
30486123
30479544
30478602
30515096
30514000
30513773
30511458
30505003
30556945
30556802
30523610
30541944
30536290
30516825
30248907
30401702
30597013
30581679
30580583
30580409
30593561
30538148
29986907
30598861
29709602
25562735
24749692
30622863
30619585
30624432
30609921
29662162
30637722
30651500
30647337
30647274
30652834
25523708
30663135
30658745
30668937
30685896
30685735
30677704
30701508
30699955
30699656
30696774
30712531
30687814
30678101
30675405
30671728
30738853
30731661
30753239
30773364
30769678
30764127
30754547
30743703
30743425
30722387
30772929
30654552
30781328
30781085
30780404
30777858
30652498
30770604
30727228
29982416
28833843
28296624
28292911
30798022
30795202
30790996
30806623
30818692
30818549
30818455
30634898
30573601
29995857
27912050
24368780
30845428
30831812
30827804
30812442
30856601
30611812
30870891
29249605
29246928
29194686
29187572
30886845
30879364
30877828
30890562
30857135
30853667
30847003
30867515
24619162
30840309
30912364
30915371
30886676
30921514
30917596
30933367
30940557
30923649
30939657
30950294
30953910
30959140
30967518
30955936
31002829
30991898
30995221
30989727
31021701
31028869
31027051
31020413
30972969
31002390
30986628
30978777
30064912
29899324
29679557
29571165
28757382
28684606
28569333
28541403
31042722
27325712
31048845
30787139
31049562
30913638
31085395
30234483
30976326
31100439
31111685
31119768
31136079
31130596
31128429
31128222
31102217
31139435
31138608
30979826
30619487
30611990
29396663
29378078
29372676
29350802
31175694
31181276
23332640
23306093
31183523
31039996
31205372
31232106
31239505
31238849
31238811
31238788
31234698
31223529
31204559
31200328
31277301
31287975
31272835
31262891
31262888
31250287
31142229
31109970
30934788
31301196
31294800
30664672
30626734
30013109
29653995
31293694
31348817
31346437
31368766
31368326
31359723
31353186
31339880
31333325
31393637
31408742
31395485
30376431
28493048
31410599
31412649
31323468
31417422
31420206
31342074
31435491
31426232
31417734
31473492
31469345
31466970
31493454
31490927
31484945
31484071
31484427
31498598
31498321
31521722
31517086
31527080
31526475
31546035
31540997
31435799
31303887
31297059
31296689
31018550
30999844
30958464
31557466
31552647
31569547
31598870
31581704
31613669
31616488
31616202
31583221
31629264
31633448
31632247
31625609
31623309
30896645
31642202
31598859
31656023
31651360
31659041
31661766
31654192
31376417
31101120
31680981
31681440
31673142
31693830
31687858
31677793
31708671
31712536
31725720
31716757
31716446
31721479
31718774
31715927
31707813
30447338
31765902
31817535
31788367
31824768
31822858
30867010
31873103
31853063
31874235
31854707
31890054
30886158
31904374
31922904
31928840
31914590
31913055
31931594
31881655
31852522
31950861
31949211
31957802
31957496
30783321
31969640
30269645
30198341
31993639
31988373
31988014
32017615
32035013
32034092
32034051
32030451
32066095
32071814
31978586
31966235
31966152
32082980
32085798
31969102
31832957
31835232
31834959
32079677
32109501
32141020
32156753
32142260
32195296
31788331
31763557
31696868
29578751
28292908
27966678
31715915
31026339
32168374
30996074
32206024
31125050
30936116
31785154
32212553
32212341
32227195
32237094
32230638
32230235
32230231
32229914
32229858
32285289
32281698
32272412
32237678
32299951
32321016
32335100
32347111
32363678
32363590
32384060
32387125
32398741
32381209
32409629
32453886
32428982
32427889
32409709
32402112
32363440
32459798
32362622
32463013
32472604
32493733
32512096
32508422
32506925
32535048
32532976
32561021
32553155
32461144
32567002
32566393
32563454
32537378
32483348
31722009
31694459
31235535
30709916
30609138
30518747
29173838
28278056
27608935
27037078
26056818
22255910
32609774
32580039
32636461
32641726
32650000
32647200
32660195
32667505
32627884
32681576
32691873
32689272
32678126
32669312
32717840
32716392
32688671
32725242
32733957
32729004
32722900
32769099
32777345
32776134
32788404
32802738
32801558
32810189
32806747
32811466
32814001
32808644
32840026
32866453
32861919
32839090
32800109
32890802
32875679
32878901
32676712
32676088
32670317
32752659
32594638
32905754
32387883
32211411
32312745
31973537
32612210
32488076
31783727
31295535
32913685
32627393
31771637
31703945
32964207
32792950
31002238
31028834
30633383
31819721
32973097
31878000
31875562
32995756
30970157
32617931
32996720
32994737
32993037
31767328
31509480
30614645
32911197
32603529
33031581
33067649
33079025
33074074
33056670
33088927
33111632
33119713
33101393
33063166
33056792
33056606
33056514
33056189
33055878
33055787
33128865
33137410
33137392
33142140
33149721
32195009
31557225
31037571
33154466
33221481
33214291
33212191
33208788
33225893
33088169
33084905
33194431
33189435
33264878
33260416
33184570
33183236
33166747
33165592
32971920
33289410
33291694
33287726
33112235
32947622
33220061
33322017
33317392
33348020
33332677
33346084
33366723
33366159
33425771
33415389
33444771
33442056
33458071
33458069
33457794
33465669
33464064
33450143
33474437
33473559
33473450
33473048
33480572
33491791
33487385
33507160
33311312
33311311
33311246
33507144
33473065
33471408
33510867
33519263
33535528
32999444
33556681
32782581
33561641
33562893
33562256
33556132
33577597
33590678
33565358
33596087
33602775
33599613
33622537
33612178
33597824
33597549
33561226
33553419
33628900
33676237
33682039
33652542
33652542
33644069
33639791
33550278
33543012
33668811
33714197
33724470
33735319
33743701
33756943
33756809
33756758
33759189
33754041
33773070
33710692
33778327
33774942
33793558
33793417
33796765
33592971
33551807
33271121
33796681
33723630
33831439
33826318
33807281
33845386
33843504
33841780
33801126
33800249
33799463
31888964
33879810
33908330
33903517
33903459
33898970
33914737
33930609
33921959
33919302
33939944
33936174
33941829
33955684
33962259
33968114
33983954
33984508
34007454
34026025
34033873
34037657
34101109
34003859
34110821
34129542
34069784
34102330
33011998
34186734
34150752
34130715
34178849
34232985
33639177
33542692
33408606
34264548
32589834
32384722
34290405
31667520
31356210
30854544
30844707
30279093
34306627
34301962
33931145
33897746
33871783
33823312
34417525
34433122
34452306
34468296
34505790
34520306
34532960
34553756
34546335
34537820
34522849
34446594
34568932
34568977
34583062
34589435
34575776
34617657
34606084
34631343
34596721
34636935
34638891
34685919
34731237
34798491
34661239
34811328
34856125
34855309
34861440
34861280
34836637
34746409
34839823
34837792
34821843
34816333
34810977
34810798
34810785
34762959
34680181
34257299
34890543
34886788
34885727
34733303
34897676
34681788
34393547
34626398
34641971
34572067
34967556
34946539
34940188
34952324
34983376
34929984
34972069
35005675
34931383
34659314
35030517
34671258
35048442
35046814
34998300
35038886
35047577
35025922
34928346
34530856
34451432
34733943
35026042
35078358
35085425
34975385
35011403
35114356
35048920
35004350
35142130
35149003
35121660
34917403
35205115
35205073
35235367
35233785
35043294
35039994
35241951
34950042
35124537
35205060
35195186
32944630
35289996
35066598
35298941
35036139
34731078
35198010
35315772
35335173
35328061
35337449
35097225
35370352
35385691
35391148
35391054
35391052
35390971
35390943
35390842
35393517
35384963
35386625
35414235
34926819
35437461
34345705
34938515
35433674
35359329
35307909
35092349
35447894
35447498
35361703
35458803
35467986
35273476
35500661
35499147
35111072
35474563
35517863
35515422
35533806
35471554
35602899
35609021
35611497
35621747
35620438
35565606
35627166
35665979
35693048
35695982
35551911
35482614
35479116
35655259
35559220
35682549
35762848
35786405
35552438
35559141
35478497
35801638
35596986
35711085
35498090
35815653
35810181
35840832
35831116
35834112
35809181
35588915
35862659
35877720
35914433
35901124
35917624
35939354
35886798
35870495
35951651
35958058
35971301
35951367
35953992
35830921
36005752
36044645
36016821
36063895
36070688
36069069
36042283
36012774
36003267
35934321
35989311
35897961
35855603
35689899
36082044
35954176
36095776
36095483
36101231
36095347
36095344
36101306
36126836
36135763
36147372
36137991
36170022
36182052
36175868
36170234
36160202
36170911
36164900
36124976
36118231
36117759
36103770
36190829
36139269
36206266
36215787
36213869
36220843
36227645
36243749
36239093
36247321
36232453
36144234
36297307
36311392
36327087
36326561
36398106
36410481
36406242
36430788
36450699
36454404
36469935
36466241
36257135
36495493
36523518
36529250
36527886
36570142
36558787
36558764
36552787
36516750
36417090
36578471
36372111
36330274
36233179
36158040
36116637
36532070
36476539
36139438
36515557
36598751
36454402
36365928
36613970
36605405
36619854
36619209
36611759
36138794
36342526
36642642
36647824
36657039
36662024
36677444
36676958
36691267
36371556
36701826
36611938
36713860
36713326
36352209
36382992
36738217
36733271
36748629
36771693
36770958
36765145
36762316
36760858
36760520
36760407
36778221
36787409
36730964
36812764
36825683
36838572
36846628
36849261
36836352
36871721
36874565
36914265
36920508
36930539
36947451
36814598
36961273
36990202
36985503
37002966
36963346
36963457
36592858
36949061
37032330
37031823
36704580
37045011
37044929
37044486
37055106
37050066
37060930
37072173
37063929
37080352
37094959
37090524
37130071
37103342
37053289
37170300
37181752
37153014
37198238
37211060
37204119
37239429
37226359
37224664
37227089
37275546
37274703
37291173
37290221
37287854
37319260
37316622
37315790
37365214
37375884
37382693
37387154
37312988
37306029
37195489
37122771
37372938
37433777
37028529
37437376
37448784
37256500
37046714
37481620
37493707
37465912
37500383
37518722
37518482
37518307
37518252
37518101
37505011
37530556
37501728
37236180
37552659
37561570
37580742
37578039
37604994
37603563
37370545
37622092
37648240
37652868
37664125
37700378
37691877
37615877
37672006
37642181
37642045
37596365
37595912
37586534
37584467
37735278
37769911
37769404
37787976
37781747
37781342
37757667
37814515
37583939
37474853
37843736
37798269
37869426
37856277
37872275
37898315
37894844
37906643
37909383
37923141
37932881
37950563
37920218
37968250
37966554
37958955
37978295
38006273
37888703
37797759
38029064
37998011
38020674
37774706
38066485
38104500
38097215
38096641
38149682
38163448
38143800
38084666
37889731
38169086
38166591
38083729
38221247
38221212
38221208
38220894
38233576
38167587
38252009
38225724
37919675
38241305
38165802
38189027
38254727
38009816
38310245
38057766
37924155
37988159
38338007
38370551
38392802
38394143
38392993
38412607
38428623
38421105
38461578
38471602
38467901
38480363
38452916
38493149
38522078
38530499
38533628
38519193
38571358
38465473
38410184
38351663
38323436
38582987
38529303
38587799
38599248
38584612
38616538
38615925
38545387
38632151
38642120
38447648
38647655
38661452
38689024
38592940
38708346
38483360
38412715
38708313
38763011
38806592
38689939
38792821
38756734
38525032
38658083
38612395
38842636
38862620
38828346
38742964
38742887
38705443
38718720
38958916
38956983
38943003
38929338
38927599
38926759
38922881
38971480
38923254
38901454
38925866
38917205
38992617
38998010
38997959
34357392
39026110
39025425
38892230
39030323
39044326
39040993
38998931
38896896
39014276
39088466
39049434
39098257
39062980
39123765
39155287
39151782
39175481
39216242
39199921
39208238
39227549
39226347
39231985
39239883
39245653
39135742
39109698
39247089
39289466
39294101
39285359
39284229
39278554
39274918
39262832
39336628
39332700
39325673
39278757
39049046
39258295
39370465
39354665
39391967
39404695
39373150
39038779
39427019
34872593
33947439
39475779
39445167
38766767
39360188
37832193
39551487
39326131
39558248
39038013
39571082
39571082
39616662
39565576
39622466
39646832
39646775
39646397
39645894
39584344
35166234
39396650
39666227
39668458
39657051
39720037
39730713
39752365
39747556
39744885
39724043
39704078
39458406
39452383
39427334
39408966
39407413
39404757
39774418
39795036
39817734
39835992
39461422
39859666
39853014
39849905
39847166
39885840
39894094
39898933
39910427
39905327
39932776
39939759
39910901
39912711
39974156
40014183
40048565
40040353
40014573
40073458
40075370
40070010
40106689
40103550
40147209
40054426
40053191
40052160
39850441
40005183
40119736
40157533
39508632
40205158
40201949
39964076
40096991
31916709
39768187
38296217
40269672
40267039
40256403
40288551
40250225
40250031
40315537
40296561
40317801
40323174
40338465
40347514
40359612
40393486
40396603
40402821
40407119
40422785
40422702
40440308
40450816
40451459
40446934
40455987
40480178
40485321
40536911
40554325
40573809
40270444
40460673
40635075
40458973
40668068
40493443
40068658
40690442
40673863
40582195
40497300
40663887
40642428
40746989
40761814
40761114
40752261
40775074
40205684
40711809
40812211
40816443
40755785
40754088
40714587
40709484
40790937
40779848
40829737
40828669
40858301
40857880
40883156
40905413
40905071
40912422
40930096
40946246
40944948
40941391
40949702
40948216
40891379
41004921
41052085
41062670
41055428
41081014
41080028
41063605
41113833
41120844
41119497
41119246
41118798
41119913
41132807
41116630
41124708
41162075
41154716
41162517
41169668
41182167
41179163
41204968
41221698
41242240
41265270
41291450
41280693
41308864
41321819
41331439
41335708
41343521
41371305
41359874
41380856
