25181038
35146756
29522707
31616254
33634038
33758527
33801579
34093114
26278933
30939177
32707870
26589666
34299159
34608248
25259869
32674363
25268479
31754141
22509243
33895139
31469868
30952866
31325454
33543012
30181561
33438577
29316906
33526076
35737834
35653384
33770286
30936115
31555278
35626680
34166378
33846462
24603907
30890948
31417669
34178994
35452693
35166435
26115659
31943159
27528193
33281874
33563212
19249358
25780560
25416705
33880991
33467397
32879349
35391798
30093639
28503132
32181251
31849940
28325782
33435503
33339403
28818669
29217756
33735319
35327631
25188313
34233620
33171193
26571124
31805133
34135785
28281645
32701962
33811703
25763846
31847405
30884004
24550300
31803009
30498644
33799915
35745101
31200543
25666305
31575928
31067451
26000196
33279574
32585897
31951195
32968154
32083082
33080033
34226572
26139325
30735487
34828397
26801648
28017643
25469542
28566723
33654163
27759082
32941629
31817908
31733060
29654746
25881148
31651360
33217954
34084913
26656831
22309736
33672636
34354223
28271185
33264089
30854229
35451546
27063244
30230100
29158996
31227799
28233828
31315484
25495140
25042951
27154969
26655949
30010665
26456050
25794678
35253420
25637568
30148852
32932669
30590535
31354531
28211985
29262616
27105919
24375616
26318274
25516335
32818257
28007904
28526750
24464724
29346368
26321920
26799947
31369921
25237984
32654195
25825170
31552666
28968964
31128943
26432906
30092565
18339711
32383995
26081367
12385826
25330231
30351028
29475996
28065741
27211013
24705254
26618235
24901896
30271954
21553223
33569849
26974334
31035547
30805939
34774487
33590832
25695141
31992178
27481062
28025718
26485527
30809125
24815018
33528736
30496566
24917499
32160407
27170944
11923092
15062104
24595381
25356849
26994311
28669599
30384306
30907894
32615907
33392778
28222167
30924929
31279824
31370288
29854085
30348901
35592607
24633408
29577878
33767439
24979729
34023926
33864850
24757007
25744724
24798204
26501871
25114263
25719607
26267614
33029936
29040675
32289320
26771299
24611575
25264714
26613358
25015647
25714526
32145360
25555840
25520251
25602472
28762509
29159824
26814966
28459456
28815565
27668412
29743679
31095378
26659188
27363625
17318646
29396028
30941049
30582577
32062722
29708537
24813227
26124080
30584594
30401702
25631928
32738406
26658479
25024231
28173143
25004161
31142871
27648472
35203102
31543974
26028435
27016154
30717094
25341799
29873175
21852397
29893856
26829587
25114098
25681501
28569333
32452082
24937469
27185551
28640668
26045019
30683671
26298852
26598523
24909324
29933238
32869307
30414561
28854362
26823019
30802536
26846157
31897745
33360347
25683121
27109826
31038233
30964290
30661092
35512696
27887759
28762163
27085752
35337464
27693385
25541251
34042071
26536806
26146787
25150276
33123146
10835638
25992652
24827550
23678294
29408701
30483060
28621423
23514281
28639938
24419464
28923593
30678101
32451617
31498321
26976215
33206086
34189725
30959436
33490972
31008378
15188439
32496979
25669430
27844144
26563546
35303208
26315145
30362532
32579136
31981255
31487076
25140675
25662851
30886106
27062336
15123304
22035056
29982416
34241713
26716977
30221788
30958465
33036707
27476414
23525682
27401758
32964432
26446156
26555887
33317230
29097183
32272412
33191666
24699224
23054195
24915434
29066004
28701464
28746305
28154014
27307140
27106720
35151207
31552709
30236923
27170093
27373597
30542699
28814724
27222577
26940091
32286682
29556062
26691915
25312678
26819413
29451363
31353700
33972392
31858719
31402430
26755703
30125328
25343491
30043206
28673369
26713899
27645905
29375507
31649682
27643431
27463732
31379599
25627242
32641510
28013278
25550197
30899048
34448941
30847897
27773429
26467125
23897763
33999326
30530630
29326590
29337248
27856245
28852778
30525471
32896470
24770933
25614620
27552037
29782852
30445404
31955242
35792963
26322222
26123364
29146197
31100152
25639508
26857273
34274982
33406026
26132434
28426756
25608108
28323640
24777603
25942479
25303873
26074352
25584666
27935820
30072445
30593611
31367256
32304979
35461839
35402186
17972876
24802774
31394605
30634898
34265416
24667605
27110541
29046352
28655738
24977327
15273728
34881790
29901635
28002605
28756955
32335319
26459242
10395784
26634655
32679737
24889418
26934292
28278282
30755533
27930309
32041475
26102558
31163992
31370299
30609757
29053747
33088175
26929012
25352156
33248127
32882218
26628745
30154098
25170829
27645772
17284679
24658378
33670172
28249777
31719172
24658080
31355359
26198574
26300399
26757232
28448962
25251993
24804966
33098377
25742796
26688546
26417093
25127365
27125315
25815185
28188179
29945873
26852267
25912819
30913214
25478840
30638933
33778962
29380440
30562508
33006182
31478373
26683087
30240035
31436969
28375547
27701018
26416962
30221726
26218650
28108339
32153186
28670398
31916656
31112700
30513192
28233700
34228995
26611206
29525572
27383240
27117845
25162832
28584020
27241791
26840804
30972573
25549064
27507212
31455734
28919937
24764455
27827394
24044607
25038043
32276413
26143257
25056495
24950023
25579084
32590344
31100406
29886136
26746789
31923615
32986033
28769117
31176715
32203648
16931763
29769563
33829356
31791943
26299518
30944063
25226371
30267647
33038528
16809460
26234710
30190591
32525258
29342415
32203922
25490041
33236741
31300041
26636713
30376220
30811601
26597053
26405298
26109656
24627527
26010523
27291393
26805784
28371822
34151974
34175895
29159962
26076477
25122415
24339193
28506621
29589441
33508257
26702583
26662055
26248850
31414801
28232027
33038821
24860992
25329171
28657312
29752287
32376458
24582990
25557780
27302665
34057445
29659850
31156382
25769524
25875951
31058898
32923455
27589475
24700455
31533997
29556895
27722791
24853807
27109195
33521982
32653586
24941174
31400307
26008144
25302949
28530472
29507409
31981722
32065490
24821722
30038270
26086331
25655429
25378927
27412702
32917678
29981882
24585437
26051613
29235529
26500021
24945384
29844446
26625282
25681750
25963515
21911472
31020413
28539509
25344073
26483457
34964213
33070205
26757254
26852038
30352685
28976932
31988016
30273578
30875027
31682948
27978817
28278197
28198391
30213994
30096415
24370592
25977294
28174241
25521717
24609083
25434030
24764463
25698749
25639753
26455664
27686790
26607605
26829236
27797719
28750036
28144959
30114609
29588376
30320247
30562730
30192937
30018254
31010368
31541778
31886628
32679630
33271329
35502133
34670864
26921094
25061102
35377455
27448710
32778701
25181043
25810367
30160967
32064499
32339517
28963227
21720828
32949556
26732729
26445027
20335479
25969450
26443994
27082522
25017371
26927091
27877088
26343795
30110134
31182280
31646346
32072342
30098998
21822616
28110777
31646634
32183952
26211738
26268413
26729373
27614453
29046345
33534139
27582324
25408890
31078694
25348635
25861748
30635284
30796085
32088431
27681429
30111842
30030417
25770184
25157825
31411769
27529348
29044715
26860442
26923193
28117826
29425745
30463000
34098024
25281658
23645839
25183317
24948655
27502369
28536080
28352323
28450154
31726483
30943442
30426569
31932307
32290278
28608709
31740535
35235367
30452546
32300017
24962097
30538881
30424008
32920518
34290106
28665039
31378674
30916986
30120830
32638401
30062061
33670804
31937913
31064993
26325132
33796012
33553276
25069031
27741560
33801686
30062064
31884668
