19209332
19209956
19215759
19219734
19232395
19240117
19243452
19244294
19244577
19247789
19247929
19254568
19254737
19258322
19259484
19261981
19262785
19262826
19263001
19263168
19264758
19264893
19270060
19270503
19270870
19270901
19270958
19273140
19277132
19279808
19279831
19279910
19279956
19279963
19282671
19283126
19283176
19283215
19286470
19288929
19291670
19301658
19306143
19308314
19326248
19327362
19330022
19333996
19334000
19341142
19346077
19347355
19348876
19349582
19350395
19355928
19357977
19358691
19360119
19364925
19367558
19373560
19378028
19378201
19379507
19381528
19382199
19382852
19383150
19383517
19383897
19384727
19384852
19386856
19389070
19393088
19396870
19404612
19417070
19419107
19424866
19425157
19426753
19428459
19428480
19428663
19430925
19443685
19444386
19453502
19466599
19468042
19468067
19468213
19471090
19471982
19472323
19473031
19475387
19476002
19478076
19481096
19498986
19502774
19504755
19515956
19523265
19524016
19525111
19533231
19536303
19540310
19540341
19548045
19553463
19557134
19562744
19563678
19565675
19566345
19572771
19573640
19578288
19579060
19580745
19581442
19581926
19591294
19604498
19608648
19609360
19615410
19619530
19622081
19626339
19626357
19627570
19631652
19638475
19640467
19649737
19651447
19651860
19652095
19660140
19660933
19665065
19665547
19671664
19675213
19685272
19686588
19691325
19695103
19696012
19697161
19699746
19701188
19703400
19703647
19705202
19706872
19707301
19709238
19712539
19713325
19718893
19720858
19725934
19725999
19726564
19727199
19731135
19737411
19747824
19748415
19748687
19750215
19751847
19754750
19756746
19765345
19765989
19771225
19771529
19774400
19776625
19781084
19781660
19783923
19791606
19795437
19795660
19796072
19801438
19818619
19823676
19834715
19835630
19837076
19843153
19855191
19857558
19887499
19887546
19889881
19892892
19895896
19896456
19897452
19902126
19908242
19921789
19921914
19925872
19927123
19932716
19933995
19939843
19940895
19943089
19943135
19943141
19944668
19945419
19956688
19956946
19958813
19999541
20003237
20003349
20003534
20005808
20008357
20013465
20020806
20022232
20023402
20025821
20029184
20030082
20040135
20042103
20050804
20053136
20055996
20058230
20064383
20065715
20071332
20071654
20075015
20078428
20079368
20083610
20090788
20096722
20102393
20109238
20109453
20110385
20111800
20111874
20120240
20122139
20122386
20123993
20124691
20130026
20130453
20136075
20140492
20140522
20145822
20147382
20152126
20153820
20156206
20157593
20157792
20159740
20160485
20164174
20165899
20166392
20170652
20171104
20172700
20178780
20179095
20183132
20183279
20187149
20197417
20197502
20198746
20199897
20209803
20209813
20215348
20215472
20219263
20225045
20229348
20234087
20299600
20302524
20305636
20307676
20335277
20335278
20335462
20335942
20346373
20350940
20353949
20360935
20361936
20362099
20367111
20368969
20373258
20377680
20377685
20387152
20390562
20393761
20397227
20398217
20402583
20403863
20404087
20404467
20409812
20409825
20410297
20410377
20411584
20413794
20414198
20419129
20419537
20422037
20422200
20423332
20429421
20430751
20437082
20437190
20439316
20444495
20454756
20455075
20455928
20462416
20465857
20467751
20483721
20488233
20497379
20505164
20505367
20505758
20506496
20507447
20507531
20512147
20514219
20531256
20532562
20532624
20534601
20534810
20535771
20545766
20549726
20551173
20552531
20569333
20570964
20571164
20573995
20574417
20577216
20580356
20590845
20592039
20592219
20594964
20594967
20599433
20600228
20601177
20615220
20620224
20621960
20633242
20649132
20654721
20655721
20656218
20656862
20657733
20658971
20659029
20666320
20666481
20668195
20668569
20670659
20670895
20673176
20679389
20684817
20686088
20687332
20691058
20693289
20699100
20704856
20705002
20705006
20705007
20705919
20707395
20707865
20719261
20730382
20735596
20736167
20737786
20738268
20798594
20801564
20801638
20801936
20805320
20807303
20807639
20807642
20809137
20810649
20810768
20811940
20812761
20824311
20833533
20839118
20841610
20844536
20848588
20849610
20856881
20861633
20864812
20865046
20869805
20870041
20873553
20876685
20877001
20881165
20883549
20890115
20920508
20923419
20927714
20933660
20933697
20933783
20933793
20933889
20933906
20933907
20933937
20933962
20933974
20933975
20933977
20933979
20933996
20933997
20933998
20934000
20934003
20935067
20939895
20941907
20943395
20944418
20947512
20951155
20957038
20957352
20960496
20961741
20969804
21020539
21030313
21041385
21043043
21045151
21045478
21047134
21050345
21050869
21056452
21067619
21072667
21074580
21081130
21083421
21084643
21084701
21089502
21106439
21112871
21115527
21118996
21120375
21120631
21120920
21122121
21125482
21127858
21136153
21136382
21136514
21138572
21148981
21151553
21154727
21155589
21156478
21162002
21169635
21177345
21177489
21182520
21185874
21187036
21187424
21189690
21192877
21193602
21195170
21198124
21198734
21201424
21203515
21204492
21207057
21214483
21219334
21222073
21223349
21227923
21244135
21251237
21252150
21270009
21272169
21277195
21277957
21281449
21282620
21283659
21283809
21284539
21287137
21287355
21289083
21295483
21307074
21314694
21318526
21322826
21325510
21325612
21328528
21329213
21330635
21339708
21343461
21350339
21354706
21356089
21356109
21356951
21357127
21369728
21388494
21389624
21390119
21390210
21390913
21392993
21397064
21397187
21403628
21413217
21413218
21413219
21413220
21413221
21413222
21413223
21413224
21413225
21413226
21413227
21413228
21413229
21413230
21413231
21413232
21413233
21413234
21413235
21413236
21413237
21413238
21413239
21413240
21413241
21413242
21413243
21413244
21413245
21413246
21413247
21416623
21420985
21421544
21426346
21431082
21431691
21432010
21437396
21443682
21444687
21445538
21447998
21452223
21456026
21460620
21461846
21471154
21479197
21482731
21484536
21486278
21486286
21490487
21491614
21493627
21497867
21499784
21504833
21504868
21505414
21506777
21511027
21518241
21524670
21527283
21529141
21532833
21533212
21533251
21535478
21539135
21540575
21543071
21546411
21548900
21558189
21558241
21558246
21558247
21558309
21560237
21561780
21563971
21565062
21566792
21567220
21571059
21573078
21573208
21575196
21576351
21585780
21587304
21594027
21594879
21596145
21600719
21601794
21602264
21605288
21609420
21610038
21613324
21616147
21616652
21618256
21624359
21626307
21627035
21629718
21630565
21636650
21641975
21646174
21651764
21653451
21653694
21655216
21655218
21656073
21658361
21665754
21667215
21669008
21672096
21673073
21673800
21674681
21676745
21677736
21679422
21685383
21688058
21689189
21690291
21693510
21695182
21701749
21707255
21708437
21708569
21723330
21729384
21730980
21731548
21732422
21737682
21739985
21740899
21742550
21745642
21749289
21752429
21757703
21762402
21762714
21765237
21767355
21767431
21779656
21782435
21785421
21790064
21791554
21795260
21795702
21799406
21799745
21800163
21803289
21814846
21815640
21818562
21820054
21826271
21831529
21837971
21841805
21842361
21858525
21859857
21860381
21861301
21861494
21863139
21864529
21865862
21866435
21872557
21873461
21876806
21877282
21880147
21880250
21882413
21890114
21905432
21909137
21911452
21912928
21917931
21918821
21921041
21931740
21934712
21935352
21936256
21939553
21945076
21950199
21966495
21968966
21975218
21976618
21977016
21985965
21990309
21993959
21999602
22003084
22004418
22006070
22007859
22013909
22016654
22023386
22027831
22028030
22028466
22028811
22037762
22039062
22044601
22045296
22047816
22057161
22064215
22064465
22073989
22079349
22084399
22094420
22094421
22095085
22098775
22103345
22106263
22107871
22110027
22110029
22112803
22115295
22117901
22119141
22119527
22120663
22123864
22130245
22130604
22135466
22140340
22142192
22143025
22150108
22170062
22174421
22178432
22186608
22187289
22187936
22205279
22205785
22205888
22206437
22217302
22217557
22224863
22226990
22227339
22228659
22228960
22229544
22232905
22233885
22236084
22239951
22243220
22243411
22245937
22249943
22251568
22251638
22255910
22264716
22266102
22266840
22269169
22279535
22284680
22289475
22289864
22303128
22306819
22308443
22309492
22309736
22309969
22311044
22311775
22312129
22312588
22313627
22319866
22343891
22347485
22349698
22351287
22352436
22355283
22355742
22356305
22357625
22357847
22358128
22359266
22361416
22361470
22362137
22366133
22366214
22366516
22369360
22369936
22378766
22380433
22386851
22386960
22387572
22392006
22392340
22395966
22406454
22407321
22419240
22421089
22423216
22426516
22430883
22432451
22438494
22445466
22446813
22447390
22447918
22448777
22449024
22454670
22465812
22469469
22487754
22490558
22491763
22493453
22493680
22495656
22496806
22506072
22507549
22509261
22510561
22511881
22517119
22522704
22524392
22525585
22527621
22527689
22529821
22532369
22539610
22539886
22539898
22541322
22546904
22548557
22552445
22552915
22555927
22558326
22560352
22561922
22572532
22573928
22576373
22576815
22579281
22579843
22583005
22590002
22590505
22590567
22593074
22593967
22606267
22614832
22615819
22618871
22621698
22638579
22644152
22646905
22649666
22659512
22661773
22665702
22669408
22671859
22673834
22678569
22684505
22686479
22690124
22691408
22692206
22697365
22698284
22707085
22710157
22718903
22723842
22726306
22727701
22735190
22736822
22737161
22740637
22744225
22747887
22753628
22758915
22761677
22762974
22763441
22768128
22771862
22772601
22782630
22783129
22783372
22786907
22792078
22797300
22798074
22798277
22807677
22811607
22814608
22814762
22815809
22820385
22824455
22825674
22833062
22833271
22837552
22837844
22839428
22841565
22844398
22846460
22864612
22868890
22870397
22871607
22873677
22876686
22884211
22890305
22895009
22897442
22899525
22901698
22903233
22912726
22912761
22915832
22918233
22926342
22927639
22933714
22939867
22940430
22940442
22943040
22946392
22964044
22969987
22970087
22970314
22972301
22972932
22977069
22981383
22982505
22983742
22988821
23000556
23007511
23007516
23010507
23012415
23015757
23016940
23016960
23019135
23021311
23021896
23025282
23026907
23027053
23028909
23028964
23036474
23043990
23045639
23051728
23052566
23055040
23055913
23058848
23072539
23074262
23077661
23078243
23082538
23087371
23097306
23097495
23103373
23103530
23109552
23110072
23112184
23116210
23121860
23124036
23124854
23128209
23129772
23132756
23133513
23137612
23144624
23147837
23150765
23153056
23153341
23157557
23159640
23159937
23161075
23164531
23165178
23169667
23176146
23179061
23187800
23187801
23189029
23190272
23194707
23194759
23195560
23195870
23196121
23205839
23208203
23220939
23225858
23226392
23227179
23232437
23236287
23239879
23240755
23241961
23245173
23250203
23257297
23258117
23271388
23271647
23277289
23279437
23285021
23291767
23291887
23296917
23298612
23299369
23299916
23299975
23300376
23301081
23303397
23306093
23308109
23312278
23313772
23313880
23314396
23315803
23320129
23322404
23325805
23327737
23332640
23333352
23339173
23344711
23346095
23347749
23351563
23352130
23353072
23358824
23360682
23372768
23390601
23391590
23395172
23401175
23402598
23405063
23421675
23423909
23432089
23434864
23435267
23437888
23441072
23442770
23445365
23448692
23449568
23455027
23458016
23459931
23464753
23468134
23469195
23475907
23479602
23480392
23481206
23486887
23486915
23496320
23499584
23500334
23504827
23505389
23506875
23506877
23506891
23508663
23515836
23516484
23517713
23520476
23521674
23523246
23525682
23525801
23533717
23536567
23538844
23538884
23545205
23555034
23559073
23559240
23559425
23563544
23565737
23567556
23567817
23567855
23572543
23572569
23573229
23575365
23581441
23582975
23585355
23587092
23589940
23594997
23597061
23600815
23604883
23604887
23605899
23608454
23612916
23616075
23625863
23625958
23630154
23631161
23637871
23639551
23640031
23640414
23640735
23640845
23642387
23644581
23647664
23664972
23668349
23675437
23680784
23681972
23689605
23692447
23694709
23696969
23703208
23704982
23716011
23718855
23720746
23720823
23726919
23728356
23731014
23732634
23740249
23742182
23748350
23748901
23749635
23750166
23751344
23752358
23761700
23763982
23771718
23772450
23783428
23785498
23792917
23794635
23794831
23794880
23795811
23795853
23799570
23801082
23803974
23809333
23810713
23810935
23814184
23815147
23815642
23817674
23819925
23825447
23825634
23828188
23843691
23848832
23850471
23861745
23867089
23868319
23872252
23872321
23872898
23874782
23877183
23878233
23879537
23881242
23881750
23887655
23888854
23896311
23897027
23904180
23904612
23906470
23915643
23926285
23928301
23928409
23928844
23937246
23949857
23951312
23954191
23956408
23965338
23971733
23973987
23975767
23977313
23979877
23986717
23986720
23995485
23998011
24002177
24005329
24006808
24012108
24012777
24012893
24019521
24022990
24027345
24033756
24034902
24037406
24038685
24039493
24040182
24040508
24042060
24043807
24047101
24048769
24050126
24052576
24061169
24061560
24063095
24065160
24069387
24071062
24076122
24080157
24081323
24085620
24086460
24090217
24094268
24096352
24101833
24115106
24116125
24117953
24119093
24123937
24124569
24125650
24126054
24128295
24130451
24130821
24134149
24140691
24143038
24145660
24148287
24148469
24148760
24150604
24165584
24168329
24170044
24170808
24173565
24173579
24186790
24190252
24194598
24196440
24197381
24198375
24201517
24202094
24204897
24210919
24211484
24212902
24218935
24228562
24229347
24234020
24236889
24240866
24241197
24243807
24244000
24256072
24256496
24258774
24259259
24259430
24260411
24260684
24264063
24265732
24270022
24271974
24284400
24284420
24291799
24293901
24301373
24306727
24307710
24313453
24316440
24321603
24321692
24327777
24335285
24346704
24346705
24347624
24354178
24354275
24355749
24360962
24362711
24363306
24367292
24367309
24368780
24371190
24375700
24375943
24376187
24383453
24384820
24390365
24391287
24393467
24407482
24419659
24424773
24425564
24430874
24434844
24443176
24447386
24447443
24450053
24450762
24463491
24465681
24466078
24471073
24474678
24486162
24486555
24494562
24496014
24497834
24511608
24513300
24515291
24516585
24523403
24531730
24533276
24549376
24549419
24551124
24556212
24560727
24569135
24570051
24574635
24575224
24581086
24582278
24583184
24586002
24586450
24586621
24587100
24589969
24590203
24594709
24597976
24601989
24603971
24604292
24607641
24616555
24619162
24623527
24627993
24631262
24631533
24632187
24634568
24637831
24638503
24640988
24641091
24652302
24652565
24656231
24657945
24660044
24661460
24662290
24665344
24667325
24676283
24679970
24688513
24688728
24694220
24695055
24695228
24695788
24696561
24698785
24699224
24705206
24705213
24705267
24705917
24706772
24709747
24711111
24713520
24715251
24723149
24724300
24727215
24729392
24732801
24739102
24739740
24739741
24746838
24747075
24748527
24749692
24752238
24755238
24758327
24773378
24778933
24779594
24785311
24786451
24790009
24792152
24792389
24794156
24800394
24802510
24802525
24806692
24806926
24810173
24813231
24816444
24825191
24827878
24828016
24830553
24835456
24835838
24836606
24838245
24839944
24841967
24843137
24846572
24847072
24847714
24848930
24853288
24865416
24869835
24870152
24871017
24871607
24872069
24879149
24879518
24886210
24888760
24894559
24896239
24898183
24898532
24911667
24918056
24920357
24920363
24922482
24925680
24928685
24930594
24931694
24937759
24939993
24945987
24954979
24955109
24956559
24967398
24967847
24974017
24974451
24978197
24982652
24982888
24989034
24993507
24998943
25000690
25002814
25005942
25010732
25025602
25036535
25048083
25049337
25049605
25050789
25051358
25052226
25053431
25053432
25063526
25064271
25070709
25070777
25080274
25091549
25091805
25097237
25097909
25100606
25102471
25102930
25104350
25105523
25106098
25106655
25109429
25110026
25110612
25110693
25112267
25112880
25113824
25115770
25118935
25119985
25126751
25132405
25136116
25136149
25136969
25139407
25140802
25146373
25157910
25164406
25168010
25170829
25182493
25183144
25183462
25184435
25187095
25203404
25209440
25209992
25210006
25211069
25211076
25213242
25218659
25220460
25224198
25225394
25227224
25228141
25231987
25232931
25237770
25238416
25245033
25245771
25250768
25253131
25254104
25255455
25264260
25264844
25271717
25274109
25278184
25278554
25281658
25282127
25284664
25285383
25296379
25306101
25310838
25318690
25319661
25320446
25323213
25325973
25339624
25339961
25341678
25343941
25344073
25344801
25347832
25348397
25354166
25368180
25379396
25392422
25395664
25398944
25408399
25408720
25410139
25412930
25414360
25415049
25415324
25415507
25426031
25431472
25432667
25433733
25447163
25449646
25457919
25461480
25463516
25469537
25472038
25477435
25483038
25483798
25484084
25484190
25486472
25486558
25492609
25495265
25500709
25502889
25510697
25513816
25517386
25523708
25527636
25529307
25531412
25540127
25541313
25544464
25554942
25560461
25560922
25561287
25562735
25566070
25569341
25572396
25573064
25574806
25575511
25576377
25576420
25578910
25580713
25582544
25584377
25586499
25587084
25588307
25588719
25588837
25595051
25600412
25610425
25618336
25628609
25628862
25632469
25632683
25633317
25637223
25640427
25650974
25652096
25661230
25665503
25666164
25667339
25668617
25677106
25677378
25690965
25690971
25691459
25691734
25698293
25698874
25700414
25702125
25719200
25726444
25730091
25738637
25738771
25746231
25759513
25764964
25767751
25778930
25779863
25779980
25780571
25781108
25781767
25793944
25806959
25810251
25828846
25832301
25848968
25856874
25857788
25858314
25875095
25875951
25880779
25882740
25883935
25893982
25894519
25895830
25896062
25901960
25903279
25903379
25910624
25910895
25927578
25928155
25928341
25931676
25933825
25935452
25939713
25943559
25947784
25948639
25948789
25954133
25954961
25955646
25956885
25957562
25961203
25969450
25972848
25977294
25992548
25996869
26000824
26001191
26001796
26006281
26017229
26021439
26022848
26025449
26038846
26039184
26040259
26042329
26044265
26048589
26056818
26056867
26057828
26062014
26062516
26068236
26083535
26085636
26090585
26092527
26092899
26092903
26097955
26100665
26103517
26107500
26113138
26116837
26118630
26130239
26133676
26142353
26142927
26153121
26158421
26160679
26162760
26169128
26171716
26171857
26176141
26177684
26188322
26195554
26205057
26210408
26210484
26222693
26229057
26232433
26237376
26241103
26241137
26245558
26249881
26249968
26249999
26250305
26250665
26253156
26257748
26261878
26266297
26266299
26268968
26276273
26283576
26287106
26290067
26292651
26298034
26303276
26305118
26315097
26323902
26335267
26342637
26344425
26365180
26367327
26374519
26375991
26379464
26380578
26380639
26380927
26382959
26383889
26385445
26388157
26403677
26407157
26407939
26420766
26421490
26426396
26426866
26430240
26431574
26432906
26435947
26436400
26438298
26442679
26453946
26464036
26464523
26472170
26490079
26499892
26500094
26501090
26504252
26524718
26526425
26526834
26543739
26553608
26581576
26584588
26592243
26598046
26598607
26598807
26601193
26604261
26623620
26624365
26624629
26624773
26637972
26645148
26654257
26658251
26666926
26668366
26671138
26674768
26685171
26687532
26692333
26694368
26701508
26701509
26705657
26718410
26719753
26732856
26738772
26742129
26743218
26758761
26759793
26762401
26762415
26763217
26764097
26768300
26769898
26771608
26778089
26787908
26794527
26797339
26810790
26814420
26814574
26817746
26818498
26820060
26821170
26830230
26831359
26839686
26843075
26845140
26852422
26864150
26865025
26873314
26874334
26885443
26887193
26898828
26899781
26904680
26907475
26908010
26916519
26921367
26934338
26940124
26944226
26944332
26949573
26955201
26974063
26974436
26977432
26980513
26981688
26985028
26988455
26990377
26995612
27002027
27002054
27007116
27008314
27009223
27009811
27012867
27014328
27016014
27020031
27020303
27021722
27022630
27026250
27026526
27031148
27034044
27037078
27037754
27041055
27041341
27046251
27052414
27052435
27055533
27064611
27064903
27068414
27077079
27077736
27079236
27083764
27085003
27097230
27110827
27111010
27112956
27119124
27130644
27132943
27145530
27153179
27154400
27157474
27169748
27181752
27186876
27190043
27193622
27199609
27217443
27225769
27225920
27226486
27226754
27236224
27238012
27241222
27247253
27256687
27261251
27264103
27271639
27272053
27285201
27292160
27294972
27323097
27324567
27324906
27325712
27328842
27330557
27335806
27341293
27347682
27349109
27349188
27349728
27350246
27350679
27358617
27389513
27394228
27394502
27394783
27395504
27395515
27395517
27395632
27395642
27395897
27399143
27402571
27406591
27430166
27430312
27436139
27451412
27452396
27458971
27460747
27462437
27463557
27468638
27468987
27469241
27474225
27474672
27479747
27489490
27499416
27500471
27502369
27502419
27504470
27508331
27514927
27515512
27522364
27530149
27536283
27541932
27543424
27551098
27551210
27551500
27571191
27573698
27580268
27588602
27591306
27595608
27603010
27608935
27615832
27616029
27626494
27635303
27638619
27639690
27667955
27671871
27677407
27678198
27698382
27701311
27701338
27701356
27704811
27706063
27712654
27712973
27726198
27730788
27747427
27751868
27751954
27758712
27771882
27789692
27797949
27798849
27802163
27811777
27811822
27811825
27816769
27818933
27819729
27824314
27826114
27829368
27838629
27846365
27866888
27869542
27875578
27882321
27900550
27902921
27905879
27912050
27918992
27924023
27925069
27927110
27938420
27939943
27940089
27960295
27964211
27966678
27976467
27988088
27988772
28004836
28005520
28012733
28018166
28030426
28030949
28035341
28040340
28042090
28048959
28049700
28050953
28052101
28058767
28060668
28060904
28064425
28065655
28066251
28077699
28079890
28085887
28095782
28097061
28117398
28123090
28126552
28128324
28130490
28132508
28141820
28143744
28144697
28144959
28146353
28148935
28152101
28165006
28165385
28167296
28171701
28179426
28182660
28187376
28187593
28189906
28192369
28194307
28194564
28195220
28202721
28206821
28206822
28206823
28216250
28217836
28223526
28223917
28228672
28234962
28235089
28238050
28238686
28242222
28249563
28249773
28255714
28277980
28278056
28280560
28287558
28289080
28289233
28292908
28292911
28296624
28300700
28303181
28308046
28308442
28308936
28309076
28309274
28309414
28310523
28310578
28310608
28312268
28313856
28315685
28324486
28333090
28334209
28334865
28348783
28357337
28358328
28373049
28376328
28380332
28382720
28383722
28393852
28407790
28413719
28430184
28434412
28437172
28444138
28444801
28445500
28449399
28452012
28455676
28468979
28479061
28483863
28490708
28493048
28493927
28495872
28499390
28500339
28512373
28520757
28533033
28533810
28537485
28541403
28544360
28557019
28563579
28563582
28565162
28565289
28565546
28567028
28569333
28570195
28574792
28576722
28580003
28587487
28587643
28594324
28596027
28609942
28610128
28610182
28610269
28621408
28622389
28639188
28639376
28639938
28644536
28646875
28648696
28649325
28650234
28651989
28655760
28658211
28672060
28679292
28683451
28684474
28684606
28689715
28705508
28710397
28732804
28741041
28754074
28754563
28756875
28757382
28768150
28769653
28770061
28780152
28781342
28783953
28786736
28790992
28796220
28802879
28808060
28808619
28811877
28824341
28827349
28828256
28833214
28833383
28833843
28839009
28842417
28861960
28867234
28869352
28869862
28884664
28887046
28887352
28891792
28893179
28894108
28898085
28903235
28916264
28920503
28923009
28928743
28939506
28942189
28944912
28953426
28957328
28968469
28974016
28982970
28983317
28983410
28987323
29027003
29035525
29038550
29041955
29042596
29043382
29046707
29048752
29051502
29058002
29058861
29061710
29069466
29069475
29073232
29091121
29096295
29097648
29099309
29101233
29107862
29108709
29114356
29115109
29126027
29126738
29136660
29140531
29141910
29144738
29148393
29155264
29173838
29174600
29174702
29178882
29182385
29183588
29185074
29187572
29188800
29191794
29192322
29194686
29199126
29200921
29217120
29218439
29231019
29233614
29234399
29234422
29238532
29239380
29239611
29239804
29243067
29245543
29245582
29246928
29249605
29253841
29258287
29259280
29264947
29269034
29269412
29274400
29275992
29295819
29307803
29314553
29315001
29316644
29320528
29326726
29329292
29334634
29345828
29350802
29355573
29356424
29356489
29360535
29361716
29366967
29367674
29371799
29371802
29372676
29373067
29378078
29382574
29386239
29388221
29391447
29395923
29396663
29406028
29407808
29420797
29427653
29432542
29435927
29435938
29438434
29472798
29475948
29476793
29480404
29487145
29488325
29491899
29504896
29506703
29510002
29514960
29519938
29520690
29536573
29541386
29543869
29551753
29559134
29563188
29568703
29571165
29573235
29573324
29578751
29591089
29593503
29602250
29603220
29607028
29607782
29615558
29615793
29618770
29621968
29622666
29631671
29635036
29635790
29642408
29644029
29650680
29653995
29656164
29662162
29666930
29679557
29689883
29690137
29690487
29692277
29706366
29707847
29709602
29710560
29719959
29720445
29725425
29732086
29735061
29737456
29748283
29755959
29760202
29769432
29770147
29770276
29773848
29774086
29775454
29776378
29786878
29787227
29796002
29804119
29861421
29863897
29865555
29865728
29868674
29876058
29878878
29886925
29888881
29898669
29899324
29899924
29900073
29902488
29908237
29911180
29912392
29914223
29916446
29921105
29931123
29931242
29931788
29944464
29946643
29949498
29963209
29966406
29969843
29971945
29973776
29982416
29986907
29995609
29995856
29995857
29997360
29998036
30004608
30008086
30008327
30013109
30018946
30019983
30026467
30030076
30048730
30053607
30054785
30058847
30060641
30064912
30071246
30079574
30083938
30084890
30085900
30086312
30086605
30094580
30096708
30108505
30119033
30121534
30132832
30139190
30150203
30153715
30173417
30176246
30184188
30189715
30198341
30205376
30214411
30218101
30218766
30225186
30234483
30248907
30260959
30261343
30262742
30269645
30270249
30273705
30279093
30304873
30306513
30308280
30313865
30314143
30314154
30321477
30348649
30352216
30352982
30355339
30358556
30360912
30361167
30367478
30372162
30376431
30382906
30385668
30385674
30386582
30399494
30401702
30410560
30417235
30426373
30445496
30445619
30446615
30447338
30451217
30458170
30462883
30463948
30464178
30471431
30478602
30479544
30486123
30505003
30511458
30513773
30514000
30515096
30516825
30518747
30523610
30536290
30538148
30541944
30556802
30556945
30573601
30580409
30580583
30581679
30593561
30597013
30598861
30609138
30609921
30611812
30611990
30614645
30619487
30619585
30622863
30624432
30626734
30633383
30634898
30635792
30637722
30647274
30647337
30651500
30652498
30652834
30654552
30658745
30663135
30664672
30668937
30671728
30675405
30677704
30678101
30685735
30685896
30687814
30696774
30699656
30699955
30701508
30709916
30712531
30722387
30727228
30731661
30738853
30743425
30743703
30753239
30754547
30759351
30764127
30769678
30770604
30772929
30773364
30777858
30780404
30781085
30781328
30783321
30787139
30790996
30795202
30798022
30806623
30812442
30818455
30818549
30818692
30827804
30831812
30840309
30844707
30845428
30847003
30853667
30854544
30856601
30857135
30867010
30867515
30870891
30877828
30879364
30886158
30886676
30886845
30890562
30896645
30912364
30913638
30915371
30917596
30921514
30923649
30933367
30934788
30936116
30939657
30940557
30950294
30953910
30955936
30958464
30959140
30967518
30970157
30972969
30976326
30978777
30979826
30986628
30989727
30991898
30995221
30996074
30999844
31002238
31002390
31002829
31018550
31020413
31021701
31026339
31027051
31028834
31028869
31037571
31039996
31042722
31048845
31049562
31085395
31100439
31101120
31102217
31109970
31111685
31119768
31125050
31128222
31128429
31130596
31136079
31138608
31139435
31142229
31175694
31181276
31183523
31200328
31204559
31205372
31223529
31232106
31234698
31235535
31238788
31238811
31238849
31239505
31250287
31262888
31262891
31272835
31277301
31287975
31293694
31294800
31295535
31296689
31297059
31301196
31303887
31323468
31333325
31339880
31342074
31346437
31348817
31353186
31356210
31359723
31368326
31368766
31376417
31393637
31395485
31408742
31410599
31412649
31417422
31417734
31420206
31426232
31435491
31435799
31466970
31469345
31473492
31484071
31484427
31484945
31490927
31493454
31498321
31498598
31509480
31517086
31521722
31525197
31526475
31527080
31540997
31546035
31552647
31557225
31557466
31569547
31581704
31583221
31584128
31598859
31598870
31613669
31616202
31616488
31623309
31625609
31629264
31632247
31633448
31642202
31651360
31654192
31656023
31659041
31661766
31667520
31673142
31677793
31680981
31681440
31687858
31693830
31694459
31696868
31703945
31707813
31708671
31712536
31715915
31715927
31716446
31716757
31718774
31721479
31722009
31725720
31733196
31763557
31765902
31767328
31771637
31772378
31783727
31785154
31788331
31788367
31817535
31819721
31822858
31824768
31832957
31834959
31835232
31852522
31853063
31854707
31873103
31874235
31875562
31878000
31881655
31881930
31888964
31890054
31904374
31913055
31914590
31922904
31928840
31931594
31949211
31950861
31957496
31957802
31966152
31966235
31968176
31969102
31969640
31973537
31978586
31988014
31988373
31993639
31996262
32017615
32030451
32034051
32034092
32035013
32066095
32071814
32079677
32082980
32085798
32109501
32141020
32142260
32156753
32168374
32195009
32195296
32206024
32211411
32212341
32212553
32227195
32229858
32229914
32230231
32230235
32230638
32237094
32237678
32270654
32272412
32281698
32285289
32292896
32299951
32312745
32321016
32332904
32335100
32347111
32362622
32363440
32363590
32363678
32381209
32384060
32384722
32387125
32387883
32398741
32402112
32409629
32409709
32427889
32428982
32449331
32453886
32459798
32461144
32463013
32472604
32483348
32488076
32493733
32506925
32508422
32512096
32532976
32535048
32537378
32553155
32561021
32563454
32566393
32567002
32580039
32589834
32594638
32603529
32609774
32612210
32617931
32627393
32627884
32636461
32641726
32647200
32650000
32660195
32667505
32669312
32670317
32676088
32676712
32678126
32681576
32688671
32689272
32691873
32716392
32717840
32722900
32725242
32729004
32733957
32752659
32769099
32776134
32777345
32782581
32788404
32792950
32800109
32801558
32802738
32806747
32808644
32810189
32811466
32814001
32839090
32840026
32861919
32866453
32875679
32878901
32890802
32905754
32911197
32913685
32944630
32947622
32964207
32971920
32973097
32993037
32994737
32995756
32996720
32999444
33011998
33031581
33055787
33055878
33056189
33056514
33056606
33056670
33056792
33063166
33067649
33074074
33079025
33084905
33088169
33088927
33101393
33111632
33112235
33119713
33128865
33137392
33137410
33142140
33149721
33154466
33165592
33166747
33183236
33184570
33189435
33194431
33208788
33212191
33214291
33220061
33221481
33225893
33260416
33264878
33271121
33287726
33289410
33291694
33311246
33311311
33311312
33317392
33322017
33332677
33346084
33348020
33366159
33366723
33408606
33415389
33425771
33442056
33444771
33450143
33457794
33458069
33458071
33464064
33465669
33471408
33473048
33473065
33473450
33473559
33474437
33480572
33487385
33491791
33507144
33507160
33510867
33519263
33535528
33542692
33543012
33550278
33551807
33553419
33556132
33556681
33561226
33561641
33562256
33562893
33565358
33577597
33590678
33592971
33596087
33597549
33597824
33599613
33602775
33612178
33622537
33628900
33639177
33639791
33644069
33652542
33668811
33676237
33682039
33710692
33714197
33723630
33724470
33735319
33743701
33754041
33756758
33756809
33756943
33759189
33773070
33774942
33778327
33793417
33793558
33796681
33796765
33799463
33800249
33801126
33807281
33823312
33826318
33831439
33841780
33843504
33845386
33871783
33877339
33877345
33879810
33897746
33898970
33903459
33903517
33908330
33914737
33919302
33921959
33930609
33931145
33936174
33939944
33941829
33954359
33954364
33954366
33954369
33954373
33954383
33954386
33954391
33954394
33954401
33954405
33954432
33954433
33954434
33954438
33954448
33954450
33954458
33954462
33954463
33954469
33954474
33954476
33954485
33954500
33954509
33954517
33954533
33954536
33954538
33954542
33954544
33954557
33954559
33954564
33954571
33954573
33954599
33954622
33954624
33954625
33954627
33954636
33954645
33954652
33954657
33954676
33954691
33954711
33954738
33954745
33954768
33955684
33956099
33956112
33956115
33962259
33968114
33983954
33984508
33997658
33997659
34003859
34004683
34004684
34004739
34004758
34004767
34004788
34004791
34004808
34004817
34004825
34004832
34004869
34004895
34004899
34004921
34004960
34005012
34005022
34005027
34005029
34005097
34005102
34007454
34026025
34033873
34037657
34069784
34101109
34102330
34110821
34129542
34130715
34150752
34178849
34186734
34232985
34257299
34264548
34290405
34301962
34306627
34393547
34417525
34433122
34446594
34451432
34452306
34468296
34505790
34520306
34522849
34530856
34532960
34537820
34546335
34553756
34568932
34568977
34572067
34575776
34583062
34589435
34596721
34606084
34617657
34626398
34631343
34636935
34638891
34641971
34659314
34661239
34671258
34680181
34681788
34685919
34731078
34731237
34733303
34733943
34746409
34762959
34783657
34788806
34791202
34791215
34791245
34793704
34798491
34807903
34810785
34810798
34810977
34811328
34816097
34816333
34821843
34836637
34837792
34839823
34855309
34856125
34861280
34861440
34885727
34886788
34890543
34897676
34917403
34928346
34929984
34931383
34940188
34946539
34950042
34952324
34967556
34972069
34975385
34983376
34998300
35004350
35005675
35011403
35025922
35026042
35030517
35036139
35038886
35039994
35043294
35046814
35047577
35048442
35048920
35066598
35078358
35085425
35097225
35114356
35121660
35124537
35142130
35149003
35195186
35198010
35205060
35205073
35205115
35233785
35235367
35241951
35289996
35290214
35298941
35315772
35328061
35335173
35337449
35370352
35384963
35385691
35386625
35390842
35390943
35390971
35391052
35391054
35391148
35393517
35414235
